# 序号，断层片中心经度，纬度，深度，走向角，倾角，走滑值（左旋为正），倾滑值（逆冲为正），断层片长度，断层片宽度
   1.0000000e+00   1.0286440e+02   3.0320900e+01   3.5720000e+00   2.0000000e+01   4.0000000e+01   2.8672000e-03   7.4514000e-03   2.0000000e+03   2.0000000e+03
   2.0000000e+00   1.0287150e+02   3.0337900e+01   3.5720000e+00   2.0000000e+01   4.0000000e+01   1.1600000e-05   1.9280200e-02   2.0000000e+03   2.0000000e+03
   3.0000000e+00   1.0287860e+02   3.0354800e+01   3.5720000e+00   2.0000000e+01   4.0000000e+01  -7.8063400e-03   5.3522660e-02   2.0000000e+03   2.0000000e+03
   4.0000000e+00   1.0288560e+02   3.0371800e+01   3.5720000e+00   2.0000000e+01   4.0000000e+01  -3.2410000e-03   7.7741000e-02   2.0000000e+03   2.0000000e+03
   5.0000000e+00   1.0289270e+02   3.0388700e+01   3.5720000e+00   2.0000000e+01   4.0000000e+01  -4.8370000e-04   6.9603000e-02   2.0000000e+03   2.0000000e+03
   6.0000000e+00   1.0289990e+02   3.0405700e+01   3.5720000e+00   2.0000000e+01   4.0000000e+01  -1.8600000e-03   4.5537000e-02   2.0000000e+03   2.0000000e+03
   7.0000000e+00   1.0290700e+02   3.0422700e+01   3.5720000e+00   2.0000000e+01   4.0000000e+01  -2.7250000e-03   2.4865000e-02   2.0000000e+03   2.0000000e+03
   8.0000000e+00   1.0291410e+02   3.0439600e+01   3.5720000e+00   2.0000000e+01   4.0000000e+01  -3.3666000e-03   1.9891400e-02   2.0000000e+03   2.0000000e+03
   9.0000000e+00   1.0292120e+02   3.0456600e+01   3.5720000e+00   2.0000000e+01   4.0000000e+01  -4.4790000e-03   2.0239000e-02   2.0000000e+03   2.0000000e+03
   1.0000000e+01   1.0292830e+02   3.0473500e+01   3.5720000e+00   2.0000000e+01   4.0000000e+01  -4.5719450e-03   2.7485885e-02   2.0000000e+03   2.0000000e+03
   1.1000000e+01   1.0293540e+02   3.0490500e+01   3.5720000e+00   2.0000000e+01   4.0000000e+01   3.4182200e-03   3.6395780e-02   2.0000000e+03   2.0000000e+03
   1.2000000e+01   1.0294250e+02   3.0507400e+01   3.5720000e+00   2.0000000e+01   4.0000000e+01   9.7413000e-03   4.0447100e-02   2.0000000e+03   2.0000000e+03
   1.3000000e+01   1.0294960e+02   3.0524400e+01   3.5720000e+00   2.0000000e+01   4.0000000e+01   2.4847000e-03   4.3299300e-02   2.0000000e+03   2.0000000e+03
   1.4000000e+01   1.0295680e+02   3.0541300e+01   3.5720000e+00   2.0000000e+01   4.0000000e+01  -6.3011000e-03   4.3477900e-02   2.0000000e+03   2.0000000e+03
   1.5000000e+01   1.0296390e+02   3.0558300e+01   3.5720000e+00   2.0000000e+01   4.0000000e+01   1.6744000e-03   2.2731600e-02   2.0000000e+03   2.0000000e+03
   1.6000000e+01   1.0287930e+02   3.0316200e+01   4.8580000e+00   2.0000000e+01   4.0000000e+01   4.2337000e-03   4.2337000e-03   2.0000000e+03   2.0000000e+03
   1.7000000e+01   1.0288640e+02   3.0333100e+01   4.8580000e+00   2.0000000e+01   4.0000000e+01  -2.5004100e-03   1.4792810e-02   2.0000000e+03   2.0000000e+03
   1.8000000e+01   1.0289350e+02   3.0350100e+01   4.8580000e+00   2.0000000e+01   4.0000000e+01  -1.3236500e-02   4.6987500e-02   2.0000000e+03   2.0000000e+03
   1.9000000e+01   1.0290060e+02   3.0367100e+01   4.8580000e+00   2.0000000e+01   4.0000000e+01  -8.5296000e-03   7.3424800e-02   2.0000000e+03   2.0000000e+03
   2.0000000e+01   1.0290770e+02   3.0384000e+01   4.8580000e+00   2.0000000e+01   4.0000000e+01  -6.0051000e-03   7.0667000e-02   2.0000000e+03   2.0000000e+03
   2.1000000e+01   1.0291480e+02   3.0401000e+01   4.8580000e+00   2.0000000e+01   4.0000000e+01  -7.3101960e-03   5.4908904e-02   2.0000000e+03   2.0000000e+03
   2.2000000e+01   1.0292190e+02   3.0417900e+01   4.8580000e+00   2.0000000e+01   4.0000000e+01  -9.3214200e-03   4.5246420e-02   2.0000000e+03   2.0000000e+03
   2.3000000e+01   1.0292910e+02   3.0434900e+01   4.8580000e+00   2.0000000e+01   4.0000000e+01  -1.0433900e-02   4.2052900e-02   2.0000000e+03   2.0000000e+03
   2.4000000e+01   1.0293620e+02   3.0451800e+01   4.8580000e+00   2.0000000e+01   4.0000000e+01  -1.1059200e-02   3.8847000e-02   2.0000000e+03   2.0000000e+03
   2.5000000e+01   1.0294330e+02   3.0468800e+01   4.8580000e+00   2.0000000e+01   4.0000000e+01  -8.8060000e-03   3.5194000e-02   2.0000000e+03   2.0000000e+03
   2.6000000e+01   1.0295040e+02   3.0485800e+01   4.8580000e+00   2.0000000e+01   4.0000000e+01   2.2560000e-03   3.8958000e-02   2.0000000e+03   2.0000000e+03
   2.7000000e+01   1.0295750e+02   3.0502700e+01   4.8580000e+00   2.0000000e+01   4.0000000e+01   1.0267630e-02   4.0705000e-02   2.0000000e+03   2.0000000e+03
   2.8000000e+01   1.0296460e+02   3.0519700e+01   4.8580000e+00   2.0000000e+01   4.0000000e+01   3.7051300e-03   3.9015930e-02   2.0000000e+03   2.0000000e+03
   2.9000000e+01   1.0297180e+02   3.0536600e+01   4.8580000e+00   2.0000000e+01   4.0000000e+01  -5.3738000e-03   3.7661800e-02   2.0000000e+03   2.0000000e+03
   3.0000000e+01   1.0297890e+02   3.0553600e+01   4.8580000e+00   2.0000000e+01   4.0000000e+01   4.2190000e-04   1.9281700e-02   2.0000000e+03   2.0000000e+03
   3.1000000e+01   1.0289430e+02   3.0311500e+01   6.1430000e+00   2.0000000e+01   4.0000000e+01   1.2897000e-03   1.2897000e-03   2.0000000e+03   2.0000000e+03
   3.2000000e+01   1.0290140e+02   3.0328400e+01   6.1430000e+00   2.0000000e+01   4.0000000e+01  -8.9539200e-03   9.2026800e-03   2.0000000e+03   2.0000000e+03
   3.3000000e+01   1.0290850e+02   3.0345400e+01   6.1430000e+00   2.0000000e+01   4.0000000e+01  -1.8944000e-02   2.5818000e-02   2.0000000e+03   2.0000000e+03
   3.4000000e+01   1.0291560e+02   3.0362300e+01   6.1430000e+00   2.0000000e+01   4.0000000e+01  -1.8146000e-02   4.0060000e-02   2.0000000e+03   2.0000000e+03
   3.5000000e+01   1.0292270e+02   3.0379300e+01   6.1430000e+00   2.0000000e+01   4.0000000e+01  -1.6617700e-02   3.5049300e-02   2.0000000e+03   2.0000000e+03
   3.6000000e+01   1.0292980e+02   3.0396300e+01   6.1430000e+00   2.0000000e+01   4.0000000e+01  -1.0883500e-02   1.7022500e-02   2.0000000e+03   2.0000000e+03
   3.7000000e+01   1.0293690e+02   3.0413200e+01   6.1430000e+00   2.0000000e+01   4.0000000e+01  -6.7869200e-03   7.5312800e-03   2.0000000e+03   2.0000000e+03
   3.8000000e+01   1.0294400e+02   3.0430200e+01   6.1430000e+00   2.0000000e+01   4.0000000e+01  -6.4404000e-03   6.4404000e-03   2.0000000e+03   2.0000000e+03
   3.9000000e+01   1.0295120e+02   3.0447100e+01   6.1430000e+00   2.0000000e+01   4.0000000e+01  -7.6415000e-03   7.6415000e-03   2.0000000e+03   2.0000000e+03
   4.0000000e+01   1.0295830e+02   3.0464100e+01   6.1430000e+00   2.0000000e+01   4.0000000e+01  -9.6794900e-03   1.0542510e-02   2.0000000e+03   2.0000000e+03
   4.1000000e+01   1.0296540e+02   3.0481000e+01   6.1430000e+00   2.0000000e+01   4.0000000e+01  -1.1759000e-03   1.3376100e-02   2.0000000e+03   2.0000000e+03
   4.2000000e+01   1.0297250e+02   3.0498000e+01   6.1430000e+00   2.0000000e+01   4.0000000e+01   6.4515000e-03   1.5604500e-02   2.0000000e+03   2.0000000e+03
   4.3000000e+01   1.0297960e+02   3.0514900e+01   6.1430000e+00   2.0000000e+01   4.0000000e+01   3.3782000e-03   1.3560000e-02   2.0000000e+03   2.0000000e+03
   4.4000000e+01   1.0298680e+02   3.0531900e+01   6.1430000e+00   2.0000000e+01   4.0000000e+01  -2.3535000e-03   1.4277500e-02   2.0000000e+03   2.0000000e+03
   4.5000000e+01   1.0299390e+02   3.0548800e+01   6.1430000e+00   2.0000000e+01   4.0000000e+01   5.1000000e-06   6.9721000e-03   2.0000000e+03   2.0000000e+03
   4.6000000e+01   1.0290930e+02   3.0306800e+01   7.4290000e+00   2.0000000e+01   4.0000000e+01   1.8361000e-04   1.8361000e-04   2.0000000e+03   2.0000000e+03
   4.7000000e+01   1.0291640e+02   3.0323700e+01   7.4290000e+00   2.0000000e+01   4.0000000e+01  -4.4442000e-03   4.4442000e-03   2.0000000e+03   2.0000000e+03
   4.8000000e+01   1.0292350e+02   3.0340700e+01   7.4290000e+00   2.0000000e+01   4.0000000e+01  -9.5293000e-03   9.5293000e-03   2.0000000e+03   2.0000000e+03
   4.9000000e+01   1.0293060e+02   3.0357600e+01   7.4290000e+00   2.0000000e+01   4.0000000e+01  -1.0183200e-02   1.4122800e-02   2.0000000e+03   2.0000000e+03
   5.0000000e+01   1.0293770e+02   3.0374600e+01   7.4290000e+00   2.0000000e+01   4.0000000e+01  -1.0386000e-02   1.0386000e-02   2.0000000e+03   2.0000000e+03
   5.1000000e+01   1.0294480e+02   3.0391500e+01   7.4290000e+00   2.0000000e+01   4.0000000e+01   0.0000000e+00   0.0000000e+00   2.0000000e+03   2.0000000e+03
   5.2000000e+01   1.0295190e+02   3.0408500e+01   7.4290000e+00   2.0000000e+01   4.0000000e+01   3.3200000e-03   3.3200000e-03   2.0000000e+03   2.0000000e+03
   5.3000000e+01   1.0295900e+02   3.0425500e+01   7.4290000e+00   2.0000000e+01   4.0000000e+01   9.6170000e-04   7.7643000e-03   2.0000000e+03   2.0000000e+03
   5.4000000e+01   1.0296610e+02   3.0442400e+01   7.4290000e+00   2.0000000e+01   4.0000000e+01  -1.3998000e-03   2.0767000e-02   2.0000000e+03   2.0000000e+03
   5.5000000e+01   1.0297330e+02   3.0459400e+01   7.4290000e+00   2.0000000e+01   4.0000000e+01  -5.4344000e-03   2.0372400e-02   2.0000000e+03   2.0000000e+03
   5.6000000e+01   1.0298040e+02   3.0476300e+01   7.4290000e+00   2.0000000e+01   4.0000000e+01   0.0000000e+00   0.0000000e+00   2.0000000e+03   2.0000000e+03
   5.7000000e+01   1.0298750e+02   3.0493300e+01   7.4290000e+00   2.0000000e+01   4.0000000e+01   1.3524000e-03   1.3524000e-03   2.0000000e+03   2.0000000e+03
   5.8000000e+01   1.0299460e+02   3.0510200e+01   7.4290000e+00   2.0000000e+01   4.0000000e+01   0.0000000e+00   0.0000000e+00   2.0000000e+03   2.0000000e+03
   5.9000000e+01   1.0300180e+02   3.0527200e+01   7.4290000e+00   2.0000000e+01   4.0000000e+01  -6.1972000e-04   6.1972000e-04   2.0000000e+03   2.0000000e+03
   6.0000000e+01   1.0300890e+02   3.0544100e+01   7.4290000e+00   2.0000000e+01   4.0000000e+01   0.0000000e+00   0.0000000e+00   2.0000000e+03   2.0000000e+03
   6.1000000e+01   1.0292430e+02   3.0302000e+01   8.7140000e+00   2.0000000e+01   4.0000000e+01   0.0000000e+00   0.0000000e+00   2.0000000e+03   2.0000000e+03
   6.2000000e+01   1.0293140e+02   3.0319000e+01   8.7140000e+00   2.0000000e+01   4.0000000e+01   1.6014000e-03   2.3354000e-03   2.0000000e+03   2.0000000e+03
   6.3000000e+01   1.0293850e+02   3.0336000e+01   8.7140000e+00   2.0000000e+01   4.0000000e+01  -6.5403000e-04   1.5712000e-03   2.0000000e+03   2.0000000e+03
   6.4000000e+01   1.0294560e+02   3.0352900e+01   8.7140000e+00   2.0000000e+01   4.0000000e+01  -1.1724000e-03   1.1724000e-03   2.0000000e+03   2.0000000e+03
   6.5000000e+01   1.0295270e+02   3.0369900e+01   8.7140000e+00   2.0000000e+01   4.0000000e+01   0.0000000e+00   0.0000000e+00   2.0000000e+03   2.0000000e+03
   6.6000000e+01   1.0295980e+02   3.0386800e+01   8.7140000e+00   2.0000000e+01   4.0000000e+01   2.6839000e-02   2.6839000e-02   2.0000000e+03   2.0000000e+03
   6.7000000e+01   1.0296690e+02   3.0403800e+01   8.7140000e+00   2.0000000e+01   4.0000000e+01   5.4600900e-02   1.2817910e-01   2.0000000e+03   2.0000000e+03
   6.8000000e+01   1.0297400e+02   3.0420700e+01   8.7140000e+00   2.0000000e+01   4.0000000e+01   5.7731000e-02   1.6189700e-01   2.0000000e+03   2.0000000e+03
   6.9000000e+01   1.0298110e+02   3.0437700e+01   8.7140000e+00   2.0000000e+01   4.0000000e+01   4.2493000e-02   1.9358700e-01   2.0000000e+03   2.0000000e+03
   7.0000000e+01   1.0298830e+02   3.0454600e+01   8.7140000e+00   2.0000000e+01   4.0000000e+01   1.1137000e-02   1.0522500e-01   2.0000000e+03   2.0000000e+03
   7.1000000e+01   1.0299540e+02   3.0471600e+01   8.7140000e+00   2.0000000e+01   4.0000000e+01   2.5971000e-03   2.5971000e-03   2.0000000e+03   2.0000000e+03
   7.2000000e+01   1.0300250e+02   3.0488500e+01   8.7140000e+00   2.0000000e+01   4.0000000e+01   0.0000000e+00   0.0000000e+00   2.0000000e+03   2.0000000e+03
   7.3000000e+01   1.0300960e+02   3.0505500e+01   8.7140000e+00   2.0000000e+01   4.0000000e+01   0.0000000e+00   0.0000000e+00   2.0000000e+03   2.0000000e+03
   7.4000000e+01   1.0301680e+02   3.0522400e+01   8.7140000e+00   2.0000000e+01   4.0000000e+01   1.8184000e-03   1.8184000e-03   2.0000000e+03   2.0000000e+03
   7.5000000e+01   1.0302390e+02   3.0539400e+01   8.7140000e+00   2.0000000e+01   4.0000000e+01   0.0000000e+00   0.0000000e+00   2.0000000e+03   2.0000000e+03
   7.6000000e+01   1.0293920e+02   3.0297300e+01   1.0000000e+01   2.0000000e+01   4.0000000e+01  -7.0940000e-06   1.0760000e-04   2.0000000e+03   2.0000000e+03
   7.7000000e+01   1.0294630e+02   3.0314300e+01   1.0000000e+01   2.0000000e+01   4.0000000e+01   3.1375000e-03   3.1375000e-03   2.0000000e+03   2.0000000e+03
   7.8000000e+01   1.0295340e+02   3.0331200e+01   1.0000000e+01   2.0000000e+01   4.0000000e+01   1.2084000e-03   1.6430000e-03   2.0000000e+03   2.0000000e+03
   7.9000000e+01   1.0296050e+02   3.0348200e+01   1.0000000e+01   2.0000000e+01   4.0000000e+01  -8.6190000e-05   4.5801000e-04   2.0000000e+03   2.0000000e+03
   8.0000000e+01   1.0296770e+02   3.0365100e+01   1.0000000e+01   2.0000000e+01   4.0000000e+01   3.1516000e-03   6.6408000e-03   2.0000000e+03   2.0000000e+03
   8.1000000e+01   1.0297480e+02   3.0382100e+01   1.0000000e+01   2.0000000e+01   4.0000000e+01   3.4741000e-02   7.3000000e-02   2.0000000e+03   2.0000000e+03
   8.2000000e+01   1.0298190e+02   3.0399000e+01   1.0000000e+01   2.0000000e+01   4.0000000e+01   6.6801000e-02   2.7690100e-01   2.0000000e+03   2.0000000e+03
   8.3000000e+01   1.0298900e+02   3.0416000e+01   1.0000000e+01   2.0000000e+01   4.0000000e+01   7.5421000e-02   4.4493000e-01   2.0000000e+03   2.0000000e+03
   8.4000000e+01   1.0299610e+02   3.0433000e+01   1.0000000e+01   2.0000000e+01   4.0000000e+01   4.9894400e-02   3.6658900e-01   2.0000000e+03   2.0000000e+03
   8.5000000e+01   1.0300320e+02   3.0449900e+01   1.0000000e+01   2.0000000e+01   4.0000000e+01   1.5168400e-02   1.6683740e-01   2.0000000e+03   2.0000000e+03
   8.6000000e+01   1.0301040e+02   3.0466900e+01   1.0000000e+01   2.0000000e+01   4.0000000e+01   3.7245000e-03   1.4859000e-02   2.0000000e+03   2.0000000e+03
   8.7000000e+01   1.0301750e+02   3.0483800e+01   1.0000000e+01   2.0000000e+01   4.0000000e+01   5.9720000e-04   3.7350000e-03   2.0000000e+03   2.0000000e+03
   8.8000000e+01   1.0302460e+02   3.0500800e+01   1.0000000e+01   2.0000000e+01   4.0000000e+01   8.2280000e-04   2.8418000e-03   2.0000000e+03   2.0000000e+03
   8.9000000e+01   1.0303180e+02   3.0517700e+01   1.0000000e+01   2.0000000e+01   4.0000000e+01   3.1995000e-03   4.9536000e-03   2.0000000e+03   2.0000000e+03
   9.0000000e+01   1.0303890e+02   3.0534700e+01   1.0000000e+01   2.0000000e+01   4.0000000e+01   2.6450000e-04   7.9508000e-04   2.0000000e+03   2.0000000e+03
   9.1000000e+01   1.0295420e+02   3.0292600e+01   1.1286000e+01   2.0000000e+01   4.0000000e+01   0.0000000e+00   0.0000000e+00   2.0000000e+03   2.0000000e+03
   9.2000000e+01   1.0296130e+02   3.0309600e+01   1.1286000e+01   2.0000000e+01   4.0000000e+01   3.3372000e-03   3.3372000e-03   2.0000000e+03   2.0000000e+03
   9.3000000e+01   1.0296840e+02   3.0326500e+01   1.1286000e+01   2.0000000e+01   4.0000000e+01   1.7113000e-03   1.7113000e-03   2.0000000e+03   2.0000000e+03
   9.4000000e+01   1.0297550e+02   3.0343500e+01   1.1286000e+01   2.0000000e+01   4.0000000e+01   0.0000000e+00   0.0000000e+00   2.0000000e+03   2.0000000e+03
   9.5000000e+01   1.0298260e+02   3.0360400e+01   1.1286000e+01   2.0000000e+01   4.0000000e+01   7.4886000e-03   1.6376400e-02   2.0000000e+03   2.0000000e+03
   9.6000000e+01   1.0298970e+02   3.0377400e+01   1.1286000e+01   2.0000000e+01   4.0000000e+01   4.1310300e-02   1.2229930e-01   2.0000000e+03   2.0000000e+03
   9.7000000e+01   1.0299690e+02   3.0394300e+01   1.1286000e+01   2.0000000e+01   4.0000000e+01   6.9245000e-02   3.7127500e-01   2.0000000e+03   2.0000000e+03
   9.8000000e+01   1.0300400e+02   3.0411300e+01   1.1286000e+01   2.0000000e+01   4.0000000e+01   6.9474400e-02   4.8522200e-01   2.0000000e+03   2.0000000e+03
   9.9000000e+01   1.0301110e+02   3.0428200e+01   1.1286000e+01   2.0000000e+01   4.0000000e+01   5.4864300e-02   4.3567430e-01   2.0000000e+03   2.0000000e+03
   1.0000000e+02   1.0301820e+02   3.0445200e+01   1.1286000e+01   2.0000000e+01   4.0000000e+01   2.1772800e-02   2.0422120e-01   2.0000000e+03   2.0000000e+03
   1.0100000e+02   1.0302540e+02   3.0462100e+01   1.1286000e+01   2.0000000e+01   4.0000000e+01   6.8124000e-03   2.7169000e-02   2.0000000e+03   2.0000000e+03
   1.0200000e+02   1.0303250e+02   3.0479100e+01   1.1286000e+01   2.0000000e+01   4.0000000e+01   2.0379000e-03   5.3229000e-03   2.0000000e+03   2.0000000e+03
   1.0300000e+02   1.0303960e+02   3.0496000e+01   1.1286000e+01   2.0000000e+01   4.0000000e+01   1.8258400e-03   3.7977600e-03   2.0000000e+03   2.0000000e+03
   1.0400000e+02   1.0304680e+02   3.0513000e+01   1.1286000e+01   2.0000000e+01   4.0000000e+01   3.9959000e-03   6.2234000e-03   2.0000000e+03   2.0000000e+03
   1.0500000e+02   1.0305390e+02   3.0529900e+01   1.1286000e+01   2.0000000e+01   4.0000000e+01   5.5985000e-04   1.1952700e-03   2.0000000e+03   2.0000000e+03
   1.0600000e+02   1.0296920e+02   3.0287900e+01   1.2571000e+01   2.0000000e+01   4.0000000e+01   0.0000000e+00   0.0000000e+00   2.0000000e+03   2.0000000e+03
   1.0700000e+02   1.0297630e+02   3.0304800e+01   1.2571000e+01   2.0000000e+01   4.0000000e+01   1.6416000e-03   1.6416000e-03   2.0000000e+03   2.0000000e+03
   1.0800000e+02   1.0298340e+02   3.0321800e+01   1.2571000e+01   2.0000000e+01   4.0000000e+01   6.0908000e-04   6.0908000e-04   2.0000000e+03   2.0000000e+03
   1.0900000e+02   1.0299050e+02   3.0338700e+01   1.2571000e+01   2.0000000e+01   4.0000000e+01  -3.5508000e-06   3.5508000e-06   2.0000000e+03   2.0000000e+03
   1.1000000e+02   1.0299760e+02   3.0355700e+01   1.2571000e+01   2.0000000e+01   4.0000000e+01   1.7896500e-02   3.4853000e-02   2.0000000e+03   2.0000000e+03
   1.1100000e+02   1.0300470e+02   3.0372600e+01   1.2571000e+01   2.0000000e+01   4.0000000e+01   5.1463100e-02   1.5802590e-01   2.0000000e+03   2.0000000e+03
   1.1200000e+02   1.0301180e+02   3.0389600e+01   1.2571000e+01   2.0000000e+01   4.0000000e+01   7.2688000e-02   3.2584200e-01   2.0000000e+03   2.0000000e+03
   1.1300000e+02   1.0301900e+02   3.0406500e+01   1.2571000e+01   2.0000000e+01   4.0000000e+01   7.3718540e-02   3.6526600e-01   2.0000000e+03   2.0000000e+03
   1.1400000e+02   1.0302610e+02   3.0423500e+01   1.2571000e+01   2.0000000e+01   4.0000000e+01   6.6075000e-02   3.4059000e-01   2.0000000e+03   2.0000000e+03
   1.1500000e+02   1.0303320e+02   3.0440400e+01   1.2571000e+01   2.0000000e+01   4.0000000e+01   3.7994000e-02   1.8018900e-01   2.0000000e+03   2.0000000e+03
   1.1600000e+02   1.0304030e+02   3.0457400e+01   1.2571000e+01   2.0000000e+01   4.0000000e+01   1.4549000e-02   3.5069000e-02   2.0000000e+03   2.0000000e+03
   1.1700000e+02   1.0304750e+02   3.0474300e+01   1.2571000e+01   2.0000000e+01   4.0000000e+01   3.9553000e-03   3.9553000e-03   2.0000000e+03   2.0000000e+03
   1.1800000e+02   1.0305460e+02   3.0491300e+01   1.2571000e+01   2.0000000e+01   4.0000000e+01   1.9479000e-03   1.9479000e-03   2.0000000e+03   2.0000000e+03
   1.1900000e+02   1.0306180e+02   3.0508200e+01   1.2571000e+01   2.0000000e+01   4.0000000e+01   3.3327000e-03   3.3327000e-03   2.0000000e+03   2.0000000e+03
   1.2000000e+02   1.0306890e+02   3.0525200e+01   1.2571000e+01   2.0000000e+01   4.0000000e+01   7.2090000e-04   7.2090000e-04   2.0000000e+03   2.0000000e+03
   1.2100000e+02   1.0298410e+02   3.0283100e+01   1.3857000e+01   2.0000000e+01   4.0000000e+01   0.0000000e+00   0.0000000e+00   2.0000000e+03   2.0000000e+03
   1.2200000e+02   1.0299120e+02   3.0300100e+01   1.3857000e+01   2.0000000e+01   4.0000000e+01   0.0000000e+00   0.0000000e+00   2.0000000e+03   2.0000000e+03
   1.2300000e+02   1.0299830e+02   3.0317100e+01   1.3857000e+01   2.0000000e+01   4.0000000e+01   0.0000000e+00   0.0000000e+00   2.0000000e+03   2.0000000e+03
   1.2400000e+02   1.0300550e+02   3.0334000e+01   1.3857000e+01   2.0000000e+01   4.0000000e+01   1.2543000e-04   1.2543000e-04   2.0000000e+03   2.0000000e+03
   1.2500000e+02   1.0301260e+02   3.0351000e+01   1.3857000e+01   2.0000000e+01   4.0000000e+01   2.2526000e-02   3.0823000e-02   2.0000000e+03   2.0000000e+03
   1.2600000e+02   1.0301970e+02   3.0367900e+01   1.3857000e+01   2.0000000e+01   4.0000000e+01   5.0331000e-02   9.6975000e-02   2.0000000e+03   2.0000000e+03
   1.2700000e+02   1.0302680e+02   3.0384900e+01   1.3857000e+01   2.0000000e+01   4.0000000e+01   6.5507000e-02   1.4412000e-01   2.0000000e+03   2.0000000e+03
   1.2800000e+02   1.0303390e+02   3.0401800e+01   1.3857000e+01   2.0000000e+01   4.0000000e+01   6.6036000e-02   1.4553700e-01   2.0000000e+03   2.0000000e+03
   1.2900000e+02   1.0304110e+02   3.0418800e+01   1.3857000e+01   2.0000000e+01   4.0000000e+01   6.0660000e-02   1.3262400e-01   2.0000000e+03   2.0000000e+03
   1.3000000e+02   1.0304820e+02   3.0435700e+01   1.3857000e+01   2.0000000e+01   4.0000000e+01   3.7101200e-02   7.2167800e-02   2.0000000e+03   2.0000000e+03
   1.3100000e+02   1.0305530e+02   3.0452700e+01   1.3857000e+01   2.0000000e+01   4.0000000e+01   1.1289000e-02   1.1289000e-02   2.0000000e+03   2.0000000e+03
   1.3200000e+02   1.0306250e+02   3.0469600e+01   1.3857000e+01   2.0000000e+01   4.0000000e+01   1.6620000e-04   1.6620000e-04   2.0000000e+03   2.0000000e+03
   1.3300000e+02   1.0306960e+02   3.0486600e+01   1.3857000e+01   2.0000000e+01   4.0000000e+01   0.0000000e+00   0.0000000e+00   2.0000000e+03   2.0000000e+03
   1.3400000e+02   1.0307670e+02   3.0503500e+01   1.3857000e+01   2.0000000e+01   4.0000000e+01   7.1910000e-04   7.1910000e-04   2.0000000e+03   2.0000000e+03
   1.3500000e+02   1.0308390e+02   3.0520500e+01   1.3857000e+01   2.0000000e+01   4.0000000e+01   0.0000000e+00   0.0000000e+00   2.0000000e+03   2.0000000e+03
   1.3600000e+02   1.0299910e+02   3.0278400e+01   1.5142000e+01   2.0000000e+01   4.0000000e+01   0.0000000e+00   0.0000000e+00   2.0000000e+03   2.0000000e+03
   1.3700000e+02   1.0300620e+02   3.0295400e+01   1.5142000e+01   2.0000000e+01   4.0000000e+01   0.0000000e+00   0.0000000e+00   2.0000000e+03   2.0000000e+03
   1.3800000e+02   1.0301330e+02   3.0312300e+01   1.5142000e+01   2.0000000e+01   4.0000000e+01   0.0000000e+00   0.0000000e+00   2.0000000e+03   2.0000000e+03
   1.3900000e+02   1.0302040e+02   3.0329300e+01   1.5142000e+01   2.0000000e+01   4.0000000e+01   1.6766000e-03   1.6766000e-03   2.0000000e+03   2.0000000e+03
   1.4000000e+02   1.0302760e+02   3.0346200e+01   1.5142000e+01   2.0000000e+01   4.0000000e+01   1.8540000e-02   1.8540000e-02   2.0000000e+03   2.0000000e+03
   1.4100000e+02   1.0303470e+02   3.0363200e+01   1.5142000e+01   2.0000000e+01   4.0000000e+01   3.1346000e-02   3.9348000e-02   2.0000000e+03   2.0000000e+03
   1.4200000e+02   1.0304180e+02   3.0380100e+01   1.5142000e+01   2.0000000e+01   4.0000000e+01   3.2662400e-02   4.0036400e-02   2.0000000e+03   2.0000000e+03
   1.4300000e+02   1.0304890e+02   3.0397100e+01   1.5142000e+01   2.0000000e+01   4.0000000e+01   2.9916000e-02   3.4598000e-02   2.0000000e+03   2.0000000e+03
   1.4400000e+02   1.0305610e+02   3.0414000e+01   1.5142000e+01   2.0000000e+01   4.0000000e+01   2.5479500e-02   2.7908500e-02   2.0000000e+03   2.0000000e+03
   1.4500000e+02   1.0306320e+02   3.0431000e+01   1.5142000e+01   2.0000000e+01   4.0000000e+01   1.2448000e-02   1.2448000e-02   2.0000000e+03   2.0000000e+03
   1.4600000e+02   1.0307030e+02   3.0447900e+01   1.5142000e+01   2.0000000e+01   4.0000000e+01   0.0000000e+00   0.0000000e+00   2.0000000e+03   2.0000000e+03
   1.4700000e+02   1.0307750e+02   3.0464900e+01   1.5142000e+01   2.0000000e+01   4.0000000e+01  -1.1773000e-03   1.1773000e-03   2.0000000e+03   2.0000000e+03
   1.4800000e+02   1.0308460e+02   3.0481800e+01   1.5142000e+01   2.0000000e+01   4.0000000e+01   4.9183000e-04   4.9183000e-04   2.0000000e+03   2.0000000e+03
   1.4900000e+02   1.0309170e+02   3.0498800e+01   1.5142000e+01   2.0000000e+01   4.0000000e+01   0.0000000e+00   0.0000000e+00   2.0000000e+03   2.0000000e+03
   1.5000000e+02   1.0309890e+02   3.0515700e+01   1.5142000e+01   2.0000000e+01   4.0000000e+01   0.0000000e+00   0.0000000e+00   2.0000000e+03   2.0000000e+03
   1.5100000e+02   1.0301400e+02   3.0273700e+01   1.6428000e+01   2.0000000e+01   4.0000000e+01  -1.8119000e-03   1.8119000e-03   2.0000000e+03   2.0000000e+03
   1.5200000e+02   1.0302120e+02   3.0290600e+01   1.6428000e+01   2.0000000e+01   4.0000000e+01   0.0000000e+00   0.0000000e+00   2.0000000e+03   2.0000000e+03
   1.5300000e+02   1.0302830e+02   3.0307600e+01   1.6428000e+01   2.0000000e+01   4.0000000e+01   0.0000000e+00   0.0000000e+00   2.0000000e+03   2.0000000e+03
   1.5400000e+02   1.0303540e+02   3.0324500e+01   1.6428000e+01   2.0000000e+01   4.0000000e+01   7.7520000e-04   7.7520000e-04   2.0000000e+03   2.0000000e+03
   1.5500000e+02   1.0304250e+02   3.0341500e+01   1.6428000e+01   2.0000000e+01   4.0000000e+01   9.6719000e-03   9.6719000e-03   2.0000000e+03   2.0000000e+03
   1.5600000e+02   1.0304960e+02   3.0358400e+01   1.6428000e+01   2.0000000e+01   4.0000000e+01   1.5352000e-02   1.6898000e-02   2.0000000e+03   2.0000000e+03
   1.5700000e+02   1.0305680e+02   3.0375400e+01   1.6428000e+01   2.0000000e+01   4.0000000e+01   1.4703000e-02   1.5924000e-02   2.0000000e+03   2.0000000e+03
   1.5800000e+02   1.0306390e+02   3.0392300e+01   1.6428000e+01   2.0000000e+01   4.0000000e+01   1.2949000e-02   1.3571000e-02   2.0000000e+03   2.0000000e+03
   1.5900000e+02   1.0307100e+02   3.0409300e+01   1.6428000e+01   2.0000000e+01   4.0000000e+01   1.0447000e-02   1.0447000e-02   2.0000000e+03   2.0000000e+03
   1.6000000e+02   1.0307820e+02   3.0426200e+01   1.6428000e+01   2.0000000e+01   4.0000000e+01   3.9690000e-03   3.9690000e-03   2.0000000e+03   2.0000000e+03
   1.6100000e+02   1.0308530e+02   3.0443200e+01   1.6428000e+01   2.0000000e+01   4.0000000e+01  -3.7598000e-04   3.7598000e-04   2.0000000e+03   2.0000000e+03
   1.6200000e+02   1.0309240e+02   3.0460100e+01   1.6428000e+01   2.0000000e+01   4.0000000e+01   0.0000000e+00   0.0000000e+00   2.0000000e+03   2.0000000e+03
   1.6300000e+02   1.0309960e+02   3.0477100e+01   1.6428000e+01   2.0000000e+01   4.0000000e+01   6.6296000e-04   6.6296000e-04   2.0000000e+03   2.0000000e+03
   1.6400000e+02   1.0310670e+02   3.0494000e+01   1.6428000e+01   2.0000000e+01   4.0000000e+01   0.0000000e+00   0.0000000e+00   2.0000000e+03   2.0000000e+03
   1.6500000e+02   1.0311390e+02   3.0511000e+01   1.6428000e+01   2.0000000e+01   4.0000000e+01   0.0000000e+00   0.0000000e+00   2.0000000e+03   2.0000000e+03
   1.6600000e+02   1.0302900e+02   3.0269000e+01   1.7713000e+01   2.0000000e+01   4.0000000e+01  -1.0845000e-02   1.0845000e-02   2.0000000e+03   2.0000000e+03
   1.6700000e+02   1.0303610e+02   3.0285900e+01   1.7713000e+01   2.0000000e+01   4.0000000e+01  -3.8335000e-03   3.8335000e-03   2.0000000e+03   2.0000000e+03
   1.6800000e+02   1.0304320e+02   3.0302900e+01   1.7713000e+01   2.0000000e+01   4.0000000e+01   0.0000000e+00   0.0000000e+00   2.0000000e+03   2.0000000e+03
   1.6900000e+02   1.0305040e+02   3.0319800e+01   1.7713000e+01   2.0000000e+01   4.0000000e+01   0.0000000e+00   0.0000000e+00   2.0000000e+03   2.0000000e+03
   1.7000000e+02   1.0305750e+02   3.0336800e+01   1.7713000e+01   2.0000000e+01   4.0000000e+01   1.4893000e-03   1.4893000e-03   2.0000000e+03   2.0000000e+03
   1.7100000e+02   1.0306460e+02   3.0353700e+01   1.7713000e+01   2.0000000e+01   4.0000000e+01   2.7588000e-03   2.7588000e-03   2.0000000e+03   2.0000000e+03
   1.7200000e+02   1.0307170e+02   3.0370700e+01   1.7713000e+01   2.0000000e+01   4.0000000e+01   2.9692000e-03   2.9692000e-03   2.0000000e+03   2.0000000e+03
   1.7300000e+02   1.0307890e+02   3.0387600e+01   1.7713000e+01   2.0000000e+01   4.0000000e+01   2.9132000e-03   2.9132000e-03   2.0000000e+03   2.0000000e+03
   1.7400000e+02   1.0308600e+02   3.0404600e+01   1.7713000e+01   2.0000000e+01   4.0000000e+01   2.6598000e-03   2.6598000e-03   2.0000000e+03   2.0000000e+03
   1.7500000e+02   1.0309310e+02   3.0421500e+01   1.7713000e+01   2.0000000e+01   4.0000000e+01   9.3933000e-04   9.3933000e-04   2.0000000e+03   2.0000000e+03
   1.7600000e+02   1.0310030e+02   3.0438500e+01   1.7713000e+01   2.0000000e+01   4.0000000e+01  -7.7852000e-05   7.7852000e-05   2.0000000e+03   2.0000000e+03
   1.7700000e+02   1.0310740e+02   3.0455400e+01   1.7713000e+01   2.0000000e+01   4.0000000e+01   0.0000000e+00   0.0000000e+00   2.0000000e+03   2.0000000e+03
   1.7800000e+02   1.0311460e+02   3.0472300e+01   1.7713000e+01   2.0000000e+01   4.0000000e+01   0.0000000e+00   0.0000000e+00   2.0000000e+03   2.0000000e+03
   1.7900000e+02   1.0312170e+02   3.0489300e+01   1.7713000e+01   2.0000000e+01   4.0000000e+01   0.0000000e+00   0.0000000e+00   2.0000000e+03   2.0000000e+03
   1.8000000e+02   1.0312890e+02   3.0506200e+01   1.7713000e+01   2.0000000e+01   4.0000000e+01   0.0000000e+00   0.0000000e+00   2.0000000e+03   2.0000000e+03
   1.8100000e+02   1.0304400e+02   3.0264200e+01   1.8999000e+01   2.0000000e+01   4.0000000e+01  -1.4152000e-02   1.5504000e-02   2.0000000e+03   2.0000000e+03
   1.8200000e+02   1.0305110e+02   3.0281200e+01   1.8999000e+01   2.0000000e+01   4.0000000e+01  -6.6937000e-03   7.1328000e-03   2.0000000e+03   2.0000000e+03
   1.8300000e+02   1.0305820e+02   3.0298100e+01   1.8999000e+01   2.0000000e+01   4.0000000e+01   0.0000000e+00   0.0000000e+00   2.0000000e+03   2.0000000e+03
   1.8400000e+02   1.0306530e+02   3.0315100e+01   1.8999000e+01   2.0000000e+01   4.0000000e+01   0.0000000e+00   0.0000000e+00   2.0000000e+03   2.0000000e+03
   1.8500000e+02   1.0307250e+02   3.0332000e+01   1.8999000e+01   2.0000000e+01   4.0000000e+01   0.0000000e+00   0.0000000e+00   2.0000000e+03   2.0000000e+03
   1.8600000e+02   1.0307960e+02   3.0349000e+01   1.8999000e+01   2.0000000e+01   4.0000000e+01   0.0000000e+00   0.0000000e+00   2.0000000e+03   2.0000000e+03
   1.8700000e+02   1.0308670e+02   3.0365900e+01   1.8999000e+01   2.0000000e+01   4.0000000e+01   0.0000000e+00   0.0000000e+00   2.0000000e+03   2.0000000e+03
   1.8800000e+02   1.0309390e+02   3.0382900e+01   1.8999000e+01   2.0000000e+01   4.0000000e+01   0.0000000e+00   0.0000000e+00   2.0000000e+03   2.0000000e+03
   1.8900000e+02   1.0310100e+02   3.0399800e+01   1.8999000e+01   2.0000000e+01   4.0000000e+01   6.3811000e-06   6.3811000e-06   2.0000000e+03   2.0000000e+03
   1.9000000e+02   1.0310810e+02   3.0416800e+01   1.8999000e+01   2.0000000e+01   4.0000000e+01   0.0000000e+00   0.0000000e+00   2.0000000e+03   2.0000000e+03
   1.9100000e+02   1.0311530e+02   3.0433700e+01   1.8999000e+01   2.0000000e+01   4.0000000e+01   0.0000000e+00   0.0000000e+00   2.0000000e+03   2.0000000e+03
   1.9200000e+02   1.0312240e+02   3.0450700e+01   1.8999000e+01   2.0000000e+01   4.0000000e+01   0.0000000e+00   0.0000000e+00   2.0000000e+03   2.0000000e+03
   1.9300000e+02   1.0312960e+02   3.0467600e+01   1.8999000e+01   2.0000000e+01   4.0000000e+01   0.0000000e+00   0.0000000e+00   2.0000000e+03   2.0000000e+03
   1.9400000e+02   1.0313670e+02   3.0484500e+01   1.8999000e+01   2.0000000e+01   4.0000000e+01   0.0000000e+00   0.0000000e+00   2.0000000e+03   2.0000000e+03
   1.9500000e+02   1.0314390e+02   3.0501500e+01   1.8999000e+01   2.0000000e+01   4.0000000e+01   0.0000000e+00   0.0000000e+00   2.0000000e+03   2.0000000e+03
